nama_kecamatan,jumlah_pus,jml_pus_kps_ksi,persentase_pus_kps_ks1,jml_pus_jkn_penerima_bantuan,persentase_pus_jkn_terima_bantuan,jml_pus_jkn_bukan_penerima_bantuan,persentase_pus_jkn_bukan_penerima_bantuan,jml_pus_jkn,persentase_pus_jkn
Sukasari,8902,3465,38.92,0,0.00,0,0.00,0,0.00
Coblong,16838,6760,40.15,56,0.33,45,0.27,101,0.60
Babakan Ciparay,21634,8403,38.84,8219,37.99,13410,61.99,21629,99.98
Bojongloa Kaler,17561,7912,45.05,7647,43.55,9827,55.96,17474,99.50
Andir,14506,343,2.36,0,0.00,0,0.00,0,0.00
Cicendo,14071,8128,57.76,0,0.00,0,0.00,0,0.00
Sukajadi,16912,14389,85.08,1951,11.54,0,0.00,1951,11.54
Cidadap,8347,2692,32.25,2692,32.25,5655,67.75,8347,100.00
Bandung Wetan,4613,2033,44.07,0,0.00,0,0.00,0,0.00
Astana Anyar,9975,2447,24.53,0,0.00,0,0.00,0,0.00
Regol,12415,3666,29.53,3666,29.53,8749,70.47,12415,100.00
Batununggal,17587,9315,52.97,8,0.05,0,0.00,8,0.05
Lengkong,7429,3176,42.75,411,5.53,7018,94.47,7429,100.00
Cibeunying Kidul,18412,7623,41.40,7131,38.73,8562,46.50,15693,85.23
Bandung Kulon,13956,9844,70.54,6058,43.41,3786,27.13,9844,70.54
Kiaracondong,19982,8950,44.79,0,0.00,0,0.00,0,0.00
Bojongloa Kidul,12204,4927,40.37,2102,17.22,8972,73.52,11074,90.74
Cibeunying Kaler,9725,2973,30.57,1835,18.87,6499,66.83,8334,85.70
Sumur Bandung,3526,1217,34.52,0,0.00,0,0.00,0,0.00
Antapani,10428,1401,13.43,0,0.00,0,0.00,0,0.00
Bandung Kidul,4390,1902,43.33,1881,42.85,2398,54.62,4279,97.47
Buahbatu,12249,2378,19.41,0,0.00,0,0.00,0,0.00
Rancasari,13163,3567,27.10,3234,24.57,333,2.53,3567,27.10
Arcamanik,8792,3267,37.16,0,0.00,0,0.00,0,0.00
Cibiru,9851,3512,35.65,1386,14.07,2422,24.59,3808,38.66
Ujung Berung,24507,7347,29.98,7347,29.98,0,0.00,7347,29.98
Gedebage,7779,2921,37.55,572,7.35,4673,60.07,5245,67.43
Panyileukan,5759,1432,24.87,836,14.52,591,10.26,1427,24.78
Cinambo,4496,1498,33.32,777,17.28,1511,33.61,2288,50.89
Mandalajati,11863,4317,36.39,4317,36.39,7146,60.24,11463,96.63
