nama_kecamatan,jumlah_pus,jml_pus_kps_ksi,persentase_pus_kps_ks1,jml_pus_jkn_penerima_bantuan,persentase_pus_jkn_terima_bantuan,jml_pus_jkn_bukan_penerima_bantuan,persentase_pus_jkn_bukan_penerima_bantuan,jml_pus_jkn,persentase_pus_jkn
Sukasari,8749,3623,41.41,0,0.00,0,0.00,0,0.00
Coblong,16109,6815,42.31,4,0.02,9,0.06,13,0.08
Babakan Ciparay,21688,4211,19.42,0,0.00,0,0.00,0,0.00
Bojongloa Kaler,17529,7883,44.97,7540,43.01,8866,50.58,16406,93.59
Andir,14030,3706,26.41,0,0.00,0,0.00,0,0.00
Cicendo,12011,6330,52.70,0,0.00,12011,100.00,12011,100.00
Sukajadi,16397,4916,29.98,0,0.00,0,0.00,0,0.00
Cidadap,7419,2545,34.30,2544,34.29,0,0.00,2544,34.29
Bandung Wetan,5080,1315,25.89,0,0.00,0,0.00,0,0.00
Astana Anyar,9217,4325,46.92,0,0.00,0,0.00,0,0.00
Regol,14986,4868,32.48,0,0.00,0,0.00,0,0.00
Batununggal,16492,9305,56.42,0,0.00,0,0.00,0,0.00
Lengkong,14990,5769,38.49,1981,13.22,12005,80.09,13986,93.30
Cibeunying Kidul,17384,7909,45.50,7879,45.32,6027,34.67,13906,79.99
Bandung Kulon,15193,10558,69.49,5530,36.40,5408,35.60,10938,71.99
Kiaracondong,14814,8772,59.21,0,0.00,0,0.00,0,0.00
Bojongloa Kidul,11995,5419,45.18,2102,17.52,8972,74.80,11074,92.32
Cibeunying Kaler,9566,1991,20.81,3115,32.56,4681,48.93,7796,81.50
Sumur Bandung,8660,3516,40.60,0,0.00,0,0.00,0,0.00
Antapani,9877,1325,13.42,0,0.00,0,0.00,0,0.00
Bandung Kidul,4252,1863,43.81,1863,43.81,2389,56.19,4252,100.00
Buahbatu,11417,2168,18.99,0,0.00,0,0.00,0,0.00
Rancasari,9954,1560,15.67,1418,14.25,139,1.40,1557,15.64
Arcamanik,8497,3227,37.98,0,0.00,0,0.00,0,0.00
Cibiru,9527,3426,35.96,1291,13.55,2307,24.22,3598,37.77
Ujung Berung,17295,15095,87.28,2185,12.63,0,0.00,2185,12.63
Gedebage,7996,2753,34.43,656,8.20,4714,58.95,5370,67.16
Panyileukan,5314,1445,27.19,715,13.46,730,13.74,1445,27.19
Cinambo,4114,1497,36.39,777,18.89,1511,36.73,2288,55.61
Mandalajati,10615,2775,26.14,2775,26.14,7840,73.86,10615,100.00
