nama_kecamatan,jumlah_pus,jml_pus_kps_ksi,persentase_pus_kps_ks1,jml_pus_jkn_penerima_bantuan,persentase_pus_jkn_terima_bantuan,jml_pus_jkn_bukan_penerima_bantuan,persentase_pus_jkn_bukan_penerima_bantuan,jml_pus_jkn,persentase_pus_jkn
Sukasari,8982,3560,39.63,0,0.00,0,0.00,0,0.00
Coblong,16775,6765,40.33,56,0.33,45,0.27,101,0.60
Babakan Ciparay,21599,8396,38.87,8209,38.01,13390,61.99,21599,100.00
Bojongloa Kaler,17566,7901,44.98,7631,43.44,9819,55.90,17450,99.34
Andir,14266,10739,75.28,10251,71.86,0,0.00,10251,71.86
Cicendo,13881,9537,68.71,0,0.00,13612,98.06,13612,98.06
Sukajadi,16790,5080,30.26,0,0.00,0,0.00,0,0.00
Cidadap,8230,2635,32.02,2635,32.02,5595,67.98,8230,100.00
Bandung Wetan,4745,2030,42.78,0,0.00,0,0.00,0,0.00
Astana Anyar,9821,2414,24.58,0,0.00,0,0.00,0,0.00
Regol,12215,3666,30.01,3666,30.01,8549,69.99,12215,100.00
Batununggal,17336,3438,19.83,0,0.00,0,0.00,0,0.00
Lengkong,7423,3178,42.81,407,5.48,6943,93.53,7350,99.02
Cibeunying Kidul,17923,7971,44.47,7100,39.61,10045,56.05,17145,95.66
Bandung Kulon,13700,9713,70.90,5894,43.02,3812,27.82,9706,70.85
Kiaracondong,19538,9991,51.14,0,0.00,0,0.00,0,0.00
Bojongloa Kidul,12146,4927,40.56,2102,17.31,8972,73.87,11074,91.17
Cibeunying Kaler,9720,1892,19.47,1761,18.12,7956,81.85,9717,99.97
Sumur Bandung,3569,583,16.34,0,0.00,0,0.00,0,0.00
Antapani,10211,1402,13.73,0,0.00,0,0.00,0,0.00
Bandung Kidul,4279,1902,44.45,1801,42.09,2476,57.86,4277,99.95
Buahbatu,11995,2296,19.14,0,0.00,0,0.00,0,0.00
Rancasari,13003,3546,27.27,3230,24.84,216,1.66,3446,26.50
Arcamanik,8717,3267,37.48,0,0.00,0,0.00,0,0.00
Cibiru,9716,3512,36.15,1377,14.17,2360,24.29,3737,38.46
Ujung Berung,20775,16928,81.48,5474,26.35,0,0.00,5474,26.35
Gedebage,7564,2922,38.63,554,7.32,4662,61.63,5216,68.96
Panyileukan,5717,1424,24.91,796,13.92,628,10.98,1424,24.91
Cinambo,4441,1498,33.73,777,17.50,1511,34.02,2288,51.52
Mandalajati,11348,4265,37.58,4265,37.58,6948,61.23,11213,98.81
